27  198  27  849
27  126  27  849
24  271  24  376
27  198  27  712
27  198  27  693
27  126  27  712
27  126  27  693
24  271  24  638
24  271  24  797
27  198  27  660
36  352  36  178
27  126  27  660
27  198  27  936
27  126  27  936
36  352  36  432
36  352  36  975
36  352  36  524
24  271  24  79
24  271  24  452
35  923  35  247
35  923  35  17
36  352  36  28
36  352  36  91
35  923  35  985
27  198  27  592
27  126  27  592
27  198  27  859
27  126  27  859
35  923  35  3
36  352  36  74
27  198  27  390
27  126  27  390
24  271  24  621
35  923  35  198
36  352  36  131
35  923  35  796
36  352  36  858
33  644  33  191
33  644  33  910
33  644  33  524
33  644  33  369
32  497  32  507
36  266  36  178
36  266  36  432
36  266  36  975
36  266  36  524
33  644  33  367
33  644  33  926
33  644  33  166
39  909  39  740
36  266  36  28
36  266  36  91
33  644  33  409
39  909  39  390
36  266  36  74
33  644  33  687
36  266  36  131
32  497  32  256
32  497  32  674
39  909  39  176
33  644  33  779
36  266  36  858
20  2  20  957
25  881  25  278
35  744  35  247
20  2  20  461
35  744  35  17
35  744  35  985
20  2  20  323
25  881  25  479
35  744  35  3
20  2  20  606
35  744  35  198
25  881  25  981
25  881  25  502
25  881  25  523
35  744  35  796
27  702  27  849
21  459  21  331
27  702  27  712
27  702  27  693
20  71  20  957
30  319  30  901
30  319  30  731
27  702  27  660
32  423  32  507
27  702  27  936
30  319  30  762
21  459  21  352
20  71  20  461
21  459  21  33
27  702  27  592
27  702  27  859
20  71  20  323
27  702  27  390
20  71  20  606
30  319  30  545
30  319  30  20
32  423  32  256
32  423  32  674
31  22  31  660
28  704  28  134
26  336  26  36
28  704  28  696
28  704  28  931
28  704  28  601
30  67  30  901
30  67  30  731
30  67  30  762
28  704  28  371
28  704  28  438
31  22  31  827
28  704  28  592
31  22  31  923
28  704  28  890
35  547  35  247
28  704  28  996
35  547  35  17
35  547  35  985
31  22  31  152
35  547  35  3
28  704  28  930
28  704  28  755
35  547  35  198
28  704  28  184
28  704  28  39
30  67  30  545
31  22  31  349
31  22  31  576
30  67  30  20
26  336  26  294
35  547  35  796
38  864  38  79
38  913  38  79
24  801  24  376
38  864  38  204
21  752  21  331
38  913  38  204
24  801  24  638
24  801  24  797
21  752  21  352
38  864  38  921
38  913  38  921
24  801  24  79
24  801  24  452
21  752  21  33
24  801  24  621
38  231  38  79
38  231  38  204
38  231  38  921
27  184  27  849
27  911  27  849
38  588  38  79
38  588  38  204
24  564  24  376
26  651  26  36
27  184  27  712
27  184  27  693
27  911  27  712
27  911  27  693
24  564  24  638
24  564  24  797
27  184  27  660
27  911  27  660
27  184  27  936
27  911  27  936
38  588  38  921
24  564  24  79
24  564  24  452
22  650  22  896
39  177  39  740
27  184  27  592
27  911  27  592
27  184  27  859
27  911  27  859
22  650  22  245
39  177  39  390
27  184  27  390
27  911  27  390
24  564  24  621
26  651  26  294
39  177  39  176
29  464  29  310
38  28  38  79
29  464  29  188
38  28  38  204
24  243  24  376
24  243  24  638
24  243  24  797
29  464  29  302
38  28  38  921
24  243  24  79
24  243  24  452
35  861  35  247
29  464  29  652
35  861  35  17
29  464  29  729
35  861  35  985
35  861  35  3
29  464  29  416
24  243  24  621
35  861  35  198
35  861  35  796
20  669  20  957
22  281  22  896
20  669  20  461
20  669  20  323
22  281  22  245
20  669  20  606
28  153  28  134
28  153  28  696
28  153  28  931
28  153  28  601
32  884  32  507
28  153  28  371
28  153  28  438
28  153  28  592
35  464  35  247
28  153  28  890
28  153  28  996
35  464  35  17
35  464  35  985
35  464  35  3
28  153  28  930
28  153  28  755
35  464  35  198
28  153  28  184
28  153  28  39
32  884  32  256
32  884  32  674
35  464  35  796
23  656  23  237
29  750  29  310
23  656  23  486
38  98  38  79
29  750  29  188
28  76  28  134
38  98  38  204
28  76  28  696
28  76  28  931
28  76  28  601
29  750  29  302
32  29  32  507
32  199  32  507
23  656  23  967
28  76  28  371
28  76  28  438
28  76  28  592
38  98  38  921
23  656  23  713
28  76  28  890
28  76  28  996
29  750  29  652
23  656  23  663
23  656  23  897
23  656  23  465
29  750  29  729
23  656  23  997
28  76  28  930
28  76  28  755
29  750  29  416
28  76  28  184
28  76  28  39
32  29  32  256
32  199  32  256
32  29  32  674
32  199  32  674
38  378  38  79
38  378  38  204
38  378  38  921
35  955  35  247
39  842  39  740
35  955  35  17
35  955  35  985
35  955  35  3
39  842  39  390
35  955  35  198
35  955  35  796
39  842  39  176
27  941  27  849
26  396  26  36
27  941  27  712
27  941  27  693
27  941  27  660
27  941  27  936
35  471  35  247
35  750  35  247
35  471  35  17
35  750  35  17
35  471  35  985
35  750  35  985
27  941  27  592
27  941  27  859
35  471  35  3
35  750  35  3
27  941  27  390
35  471  35  198
35  750  35  198
26  396  26  294
35  471  35  796
35  750  35  796
21  379  21  331
21  379  21  352
34  750  34  582
34  750  34  56
34  750  34  255
22  974  22  896
39  836  39  740
21  379  21  33
34  750  34  279
34  750  34  826
39  836  39  390
22  974  22  245
39  836  39  176
34  750  34  837
